Linux 6.8.0-85-generic (david-Lenovo-ThinkBook-14-IIL) 	02/11/25 	_x86_64_	(4 CPU)

01:03:16    kbmemfree   kbavail kbmemused  %memused kbbuffers  kbcached  kbcommit   %commit  kbactive   kbinact   kbdirty
01:03:17      6681064  10330916   4192736     26,40    491944   3768400  22289188    123,96   5970356   1549648      1188
01:03:18      6683740  10333592   4189280     26,37    491944   3769180  23074904    128,33   5973308   1549648      1196
01:03:19      6693676  10343528   4179216     26,31    491944   3769308  22290860    123,97   5973912   1549648      1200
01:03:20      6692668  10342528   4191628     26,39    491952   3757896  22278036    123,90   5972940   1549656      1244
01:03:21      6692824  10342684   4191476     26,39    491952   3757892  22244092    123,71   5972284   1549656      1276
01:03:22      6693896  10343760   4190408     26,38    491952   3757896  22243576    123,71   5971084   1549660      1276
01:03:23      6682396  10332260   4193608     26,40    491952   3766196  22251916    123,75   5973284   1549660      1276
01:03:24      6690588  10340452   4194092     26,40    491952   3757524  22243244    123,70   5972840   1549660      1248
01:03:25      6690588  10340472   4194068     26,40    491968   3757532  22243764    123,71   5973020   1549680      1268
01:03:26      6690340  10340228   4194316     26,41    491968   3757532  22243244    123,70   5971984   1549684      1032
01:03:27      6690340  10340228   4194316     26,41    491968   3757532  22243256    123,70   5971816   1549684      1032
01:03:28      6689572  10339464   4186952     26,36    491968   3765664  22251384    123,75   5974788   1549688      1036
01:03:29      6696288  10346180   4188460     26,37    491968   3757472  22243712    123,71   5978224   1549688      1056
01:03:30      6696040  10345940   4188696     26,37    491976   3757476  22243192    123,70   5978376   1549696      1060
01:03:31      6696040  10345944   4188696     26,37    491976   3757476  22243128    123,70   5976992   1549700      1016
01:03:32      6696040  10345944   4188696     26,37    491976   3757476  22243128    123,70   5976980   1549700      1016
01:03:33      6696040  10345952   4188684     26,37    491976   3757484  22243520    123,71   5977536   1549708      1040
01:03:34      6702564  10352476   4189072     26,37    491976   3750572  22236088    123,66   5970548   1549708      1048
01:03:35      6702564  10352476   4189068     26,37    491980   3750572  22236136    123,66   5970660   1549708      1048
01:03:36      6702564  10352484   4189064     26,37    491984   3750572  22236136    123,66   5970772   1549716      1092
01:03:37      6700800  10350720   4190828     26,38    491984   3750572  22236656    123,67   5973704   1549716       760
01:03:38      6700800  10350720   4190824     26,38    491984   3750576  22236136    123,66   5973800   1549716       732
01:03:39      6700800  10350724   4190824     26,38    491984   3750576  22236136    123,66   5973916   1549720       720
01:03:40      6700800  10350724   4190824     26,38    491988   3750572  22244856    123,71   5974980   1549720       720
01:03:41      6682028  10331968   4194476     26,41    491992   3765688  22260736    123,80   5990400   1549736       784
01:03:42      6682028  10331968   4202668     26,46    491992   3757496  22252024    123,75   5990396   1549736        52
01:03:43      6682028  10331968   4202656     26,46    491996   3757504  22252024    123,75   5988784   1549736        68
01:03:44      6682028  10331980   4202656     26,46    491996   3757504  22243312    123,70   5987984   1549748        44
01:03:45      6680264  10330220   4204424     26,47    491996   3757508  22243832    123,71   5992192   1549752        56
01:03:46      6680012  10329976   4204668     26,47    492004   3757508  22243312    123,70   5992212   1549760       124
01:03:47      6688412  10338376   4203180     26,46    492004   3750596  22236444    123,67   5985064   1549760       100
01:03:48      6688412  10338376   4203180     26,46    492004   3750596  22236444    123,67   5985196   1549760       108
01:03:49      6686396  10336368   4205188     26,47    492004   3750604  22245288    123,72   5992232   1549768       128
01:03:50      6696524  10346496   4195060     26,41    492004   3750604  22244768    123,71   5964748   1549768       132
01:03:51      6695984  10345960   4195592     26,41    492012   3750604  22244768    123,71   5964304   1549772        84
01:03:52      6695984  10345964   4195592     26,41    492012   3750604  22247304    123,73   5968832   1549776        84
01:03:53      6690992  10341124   4200400     26,44    492012   3750752  22247252    123,73   5966512   1549924       388
01:03:54      6691244  10341376   4200148     26,44    492020   3750744  22246732    123,72   5966448   1549924       388
01:03:55      6690996  10341136   4200388     26,44    492020   3750752  22246732    123,72   5966908   1549932       448
01:03:56      6690996  10341136   4200388     26,44    492020   3750752  22246732    123,72   5965724   1549932       344
01:03:57      6690996  10341148   4200376     26,44    492020   3750764  22247188    123,73   5966140   1549944       380
01:03:58      6690996  10341184   4200332     26,44    492036   3750792  22246668    123,72   5965580   1549980       156
01:03:59      6699572  10349808   4191748     26,39    492036   3750832  22246712    123,72   5966036   1550028       212
01:04:00      6711904  10362140   4187576     26,36    492036   3742640  22238520    123,68   5966196   1550028       212
01:04:01      6711904  10362140   4187572     26,36    492036   3742640  22239056    123,68   5964128   1550028       228
01:04:02      6711904  10362144   4187568     26,36    492036   3742644  22238536    123,68   5964048   1550032       232
01:04:03      6711904  10362148   4187548     26,36    492056   3742644  22238536    123,68   5964148   1550036       188
01:04:04      6711664  10361924   4187788     26,36    492056   3742644  22238536    123,68   5965760   1550052       112
01:04:05      6711440  10361704   4188008     26,37    492056   3742648  22239056    123,68   5968972   1550056       132
01:04:06      6711440  10361704   4188008     26,37    492056   3742648  22238536    123,68   5968328   1550056       152
01:04:07      6711440  10361704   4188004     26,37    492056   3742652  22238536    123,68   5968332   1550056       156
01:04:08      6711440  10361704   4188004     26,37    492056   3742652  22238536    123,68   5968376   1550056        56
01:04:09      6711440  10361728   4187984     26,37    492072   3742652  22240024    123,69   5971132   1550076       128
01:04:10      6695816  10346124   4203588     26,46    492088   3742656  22242320    123,70   5967916   1550096       156
01:04:11      6695816  10346124   4203588     26,46    492088   3742656  22242368    123,70   5967556   1550096       128
01:04:12      6699148  10349456   4200256     26,44    492088   3742656  22239880    123,69   5964236   1550096       128
01:04:13      6699212  10349528   4200184     26,44    492088   3742664  22240400    123,69   5968504   1550104       140
01:04:14      6699212  10349528   4200184     26,44    492088   3742664  22239880    123,69   5968600   1550104        28
01:04:15      6699212  10349532   4200168     26,44    492096   3742668  22239880    123,69   5968640   1550108       144
01:04:16      6699212  10349540   4200168     26,44    492096   3742668  22239880    123,69   5968760   1550116       160
01:04:17      6699212  10349540   4200168     26,44    492096   3742668  22240400    123,69   5969356   1550116       168
01:04:18      6699212  10349544   4200164     26,44    492096   3742672  22239880    123,69   5969364   1550120       172
01:04:19      6699212  10349540   4200168     26,44    492096   3742668  22239880    123,69   5969136   1550116       160
01:04:20      6699212  10349540   4200168     26,44    492096   3742668  22239816    123,68   5969248   1550116       160
01:04:21      6707268  10357608   4192100     26,39    492104   3742672  22240336    123,69   5965992   1550128        16
01:04:22      6707276  10357616   4192092     26,39    492104   3742672  22239816    123,68   5965108   1550128        28
01:04:23      6707028  10357372   4192328     26,39    492128   3742660  22239816    123,68   5964640   1550132        96
01:04:24      6707028  10357372   4192328     26,39    492128   3742660  22239816    123,68   5964728   1550132        96
01:04:25      6706552  10356904   4192804     26,40    492128   3742660  22240336    123,69   5964940   1550140        96
01:04:26      6706552  10356908   4192800     26,40    492128   3742664  22239816    123,68   5964960   1550144       120
01:04:27      6706552  10356908   4192800     26,40    492128   3742664  22239816    123,68   5964984   1550144        96
01:04:28      6706552  10356908   4192800     26,40    492128   3742664  22239816    123,68   5965016   1550144        96
01:04:29      6706552  10356924   4192784     26,40    492136   3742672  22240380    123,69   5965420   1550160       164
01:04:30      6706552  10356924   4192784     26,40    492136   3742672  22239860    123,69   5965348   1550160       172
01:04:31      6706552  10356924   4192784     26,40    492136   3742672  22239860    123,69   5965452   1550160       196
01:04:32      6706552  10356924   4192784     26,40    492136   3742672  22239860    123,69   5964764   1550160       196
01:04:33      6714696  10365072   4184636     26,35    492136   3742676  22240380    123,69   5964864   1550164       200
01:04:34      6714696  10365080   4184628     26,35    492144   3742676  22239860    123,69   5964812   1550172       112
01:04:35      6714696  10365080   4184628     26,35    492144   3742676  22239860    123,69   5964920   1550172        84
01:04:36      6714696  10365080   4184620     26,35    492152   3742676  22239860    123,69   5965076   1550172       120
01:04:37      6714472  10364864   4184840     26,35    492152   3742680  22240380    123,69   5965212   1550180       140
01:04:38      6714472  10364868   4184840     26,35    492152   3742680  22239860    123,69   5965748   1550184       140
01:04:39      6714472  10364868   4184840     26,35    492152   3742680  22239860    123,69   5965296   1550184       144
01:04:40      6714472  10364868   4184840     26,35    492152   3742680  22239880    123,69   5965492   1550184       144
01:04:41      6714472  10364868   4184840     26,35    492152   3742680  22240400    123,69   5965884   1550184       124
01:04:42      6714224  10364632   4185076     26,35    492160   3742684  22239880    123,69   5965800   1550196       128
01:04:43      6714224  10364632   4185076     26,35    492160   3742684  22239880    123,69   5965876   1550196       112
01:04:44      6714224  10364632   4185076     26,35    492160   3742684  22239880    123,69   5965920   1550196       112
01:04:45      6713720  10364132   4185568     26,35    492160   3742692  22240400    123,69   5966160   1550200       132
01:04:46      6713720  10364136   4185568     26,35    492160   3742692  22239880    123,69   5966148   1550204       156
01:04:47      6713720  10364144   4185560     26,35    492168   3742692  22239880    123,69   5966184   1550212       152
01:04:48      6713720  10364144   4185560     26,35    492168   3742692  22239880    123,69   5966708   1550212       128
01:04:49      6713720  10364152   4185544     26,35    492184   3742692  22240400    123,69   5966872   1550220       124
01:04:50      6713472  10363916   4185788     26,35    492184   3742696  22239816    123,68   5967152   1550232       140
01:04:51      6713472  10363916   4185788     26,35    492184   3742696  22239816    123,68   5966576   1550232       128
01:04:52      6713472  10363916   4185788     26,35    492184   3742696  22239816    123,68   5966608   1550232       128
01:04:53      6711708  10362156   4187548     26,36    492184   3742700  22248704    123,73   5969768   1550236        48
01:04:54      6711456  10361912   4187792     26,37    492192   3742700  22248184    123,73   5963628   1550244        92
01:04:55      6726012  10376468   4173236     26,27    492192   3742700  22248184    123,73   5963356   1550244       108
01:04:56      6725764  10376220   4173484     26,27    492192   3742700  22248184    123,73   5964104   1550244       128
01:04:57      6725264  10375728   4173976     26,28    492192   3742708  22248704    123,73   5964312   1550252       136
01:04:58      6725264  10375736   4173968     26,28    492192   3742716  22248184    123,73   5964280   1550260       136
01:04:59      6725012  10375484   4174212     26,28    492200   3742716  22248184    123,73   5963608   1550260       152
01:05:00      6724760  10375240   4174656     26,28    492200   3742524  22247992    123,73   5963804   1550268        96
01:05:01      6724760  10375244   4174652     26,28    492200   3742528  22248512    123,73   5963924   1550272       128
01:05:02      6724256  10374744   4175144     26,29    492208   3742532  22247992    123,73   5964008   1550276       304
01:05:03      6724256  10374752   4175144     26,29    492208   3742532  22247992    123,73   5964096   1550284       348
01:05:04      6724256  10374752   4175144     26,29    492208   3742532  22247992    123,73   5964144   1550284       348
01:05:05      6724256  10374752   4175144     26,29    492208   3742532  22248556    123,73   5964396   1550284       348
01:05:06      6724256  10374752   4175140     26,29    492208   3742536  22248036    123,73   5964656   1550284       344
01:05:07      6724256  10374756   4175140     26,29    492208   3742536  22248036    123,73   5964700   1550288       136
01:05:08      6724008  10374524   4175372     26,29    492224   3742536  22248036    123,73   5964844   1550304       136
01:05:09      6722244  10372760   4177136     26,30    492224   3742536  22251644    123,75   5966912   1550304       148
01:05:10      6708860  10359392   4190504     26,38    492232   3742540  22248052    123,73   5963180   1550316       196
01:05:11      6708860  10359392   4190504     26,38    492232   3742540  22248052    123,73   5963028   1550316       212
01:05:12      6708860  10359392   4190504     26,38    492232   3742540  22248052    123,73   5961028   1550316       212
01:05:13      6708860  10359392   4190504     26,38    492232   3742540  22248572    123,73   5961272   1550316       300
01:05:14      6708860  10359392   4194600     26,41    492232   3738444  22243952    123,71   5957040   1550316       292
01:05:15      6708860  10359400   4194592     26,41    492240   3738444  22243888    123,71   5957256   1550324       264
01:05:16      6708860  10359404   4194592     26,41    492240   3738444  22338456    124,23   5963068   1550328       280
Media:        6704729  10354967   4190107     26,38    492089   3747228  22251738    123,75   5968980   1550028       348
